--- Layer 1 ---
Weights:
[[-0.025715   -0.00609633  0.01910074 ...  0.00988668 -0.01039335
   0.03373809]
 [ 0.02439385  0.03060551  0.00944943 ... -0.021988    0.01371678
  -0.00074978]
 [ 0.0128872   0.02489245  0.01671047 ... -0.00694334  0.02868685
  -0.00605387]
 ...
 [-0.02802693 -0.0315788   0.00419922 ...  0.02397875 -0.0298795
  -0.0278219 ]
 [-0.00047175 -0.02578013 -0.02609086 ...  0.00207752 -0.02001937
  -0.0017792 ]
 [ 0.01103583 -0.01626017 -0.00023557 ... -0.02668897 -0.02267685
   0.02148028]]
Biases:
[ 4.13560960e-03 -5.63524617e-03 -1.57057196e-02 -2.03620438e-02
  3.13200317e-02 -1.79814640e-02  1.95463300e-02 -1.81960408e-02
 -3.02619357e-02 -5.24247345e-03  2.03311369e-02 -1.66408103e-02
 -2.21067313e-02  3.15113254e-02 -8.01150780e-03  3.21861431e-02
 -2.19841697e-03  3.32995458e-03  6.04609167e-03 -1.88613720e-02
 -2.54526231e-02 -6.98865438e-03 -3.10267229e-02 -1.52834738e-02
  8.74635577e-03  2.24397555e-02  7.29107996e-05 -1.46154640e-02
  3.80604677e-02 -2.06861217e-02 -4.65286989e-03 -1.89358927e-02
 -1.71282012e-02  2.21764855e-02 -3.40377651e-02 -1.07199447e-02
  1.21437209e-02  7.55817071e-03  2.12711804e-02  1.08908070e-02
  2.38579139e-02  2.37993542e-02  1.98321720e-03 -1.87546629e-02
  1.45133985e-02  3.30445543e-02  5.80760324e-03 -2.74222847e-02
  1.03587564e-03 -2.75377687e-02 -1.50784831e-02  1.24684479e-02
  2.46239849e-03 -1.21465763e-02 -1.71603281e-02  9.32190847e-03
 -1.92084536e-02 -5.07483305e-03 -7.38805858e-03 -2.87699066e-02
  2.21132189e-02  3.17878425e-02  3.71830910e-02  3.52326892e-02
  1.39862401e-02 -3.01332381e-02  3.41523774e-02 -2.72362325e-02
  2.20360551e-02 -9.07357503e-03  1.23229697e-02 -3.51525955e-02
 -8.21293518e-03 -1.76982488e-02 -1.58881359e-02 -2.89137533e-04
 -1.00830104e-04  2.35648975e-02 -1.16489166e-02 -1.35034211e-02
 -2.37963051e-02 -2.91288868e-02  3.05173919e-02 -1.43807391e-02
 -6.35764562e-03 -2.14751381e-02 -1.21399970e-03  2.97364648e-02
  5.17959194e-03  1.73634347e-02  3.48169729e-02 -1.22084999e-02
 -2.66296938e-02 -4.90332721e-03  3.01520638e-02 -2.03572921e-02
  3.42610776e-02  2.89476737e-02  1.21994810e-02  6.80279825e-03
  4.57711937e-03 -9.81360301e-03  3.12643908e-02 -2.47104233e-03
  2.42557395e-02  6.68094540e-03  7.89427944e-03  5.22828475e-03
  1.22057507e-02 -3.09346113e-02  1.33476248e-02  2.17198133e-02
  1.56846840e-03  3.89209278e-02 -2.91568246e-02  1.14060408e-02
 -2.34094523e-02 -1.82318352e-02  3.65575887e-02 -3.36988084e-02
 -2.79178731e-02  1.32526914e-02 -5.57223521e-03  3.34833488e-02
  2.72045960e-03 -1.12509662e-02  3.67522240e-02  1.45623088e-02]


--- Layer 2 ---
Weights:
[[-0.0540215   0.0774947  -0.02310227 ...  0.0309414  -0.08115891
   0.07045339]
 [ 0.09179872 -0.03910962 -0.06419943 ...  0.03810894  0.01479377
  -0.00133869]
 [ 0.00544029 -0.06937297  0.02346452 ... -0.06179566 -0.07665133
  -0.02221478]
 ...
 [-0.06423759  0.08016862 -0.03927778 ...  0.00261975 -0.06639179
  -0.02066081]
 [-0.08071271 -0.04505022  0.02188472 ...  0.02634212 -0.05517632
  -0.06934772]
 [-0.08388609  0.03662679 -0.03186262 ... -0.07299953 -0.06257454
   0.02673293]]
Biases:
[-5.0803763e-05 -3.7968758e-02 -6.8971597e-02 -2.3575034e-02
  2.4526177e-02 -7.3078088e-02 -3.4336932e-02  5.6840149e-03
  1.2180489e-02  3.0850567e-02]


